[[0.0061,0.0001,0.902,0.0142,0.0153,0.0007,0.0002,0.0018,0.0017,0.0005,0.0001,0.0028,0.0311,0.006,0.0069,0.0096,0.0008],[0.0035,0.0,0.9376,0.0083,0.0089,0.0004,0.0001,0.0011,0.001,0.0003,0.0001,0.0021,0.0204,0.0038,0.0051,0.0066,0.0005],[0.0022,0.0,0.9551,0.0053,0.0057,0.0003,0.0001,0.0007,0.0007,0.0002,0.0,0.0019,0.0154,0.0027,0.0042,0.005,0.0004],[0.0025,0.0,0.949,0.0062,0.0066,0.0003,0.0001,0.0008,0.0007,0.0002,0.0001,0.0023,0.0189,0.0033,0.0039,0.0048,0.0004],[0.0016,0.0,0.9624,0.004,0.0043,0.0002,0.0001,0.0005,0.0005,0.0001,0.0,0.002,0.0136,0.0023,0.0038,0.0043,0.0003],[0.001,0.0001,0.9642,0.0028,0.003,0.0002,0.0,0.0004,0.0003,0.0001,0.0,0.003,0.0147,0.0022,0.0038,0.0038,0.0002],[0.0012,0.0001,0.9579,0.0035,0.0038,0.0002,0.0,0.0004,0.0004,0.0001,0.0,0.0036,0.0187,0.0028,0.0034,0.0036,0.0002],[0.0009,0.0001,0.9582,0.0028,0.003,0.0002,0.0,0.0004,0.0003,0.0001,0.0,0.0044,0.0185,0.0026,0.0042,0.0041,0.0002],[0.0011,0.0001,0.9497,0.0036,0.0039,0.0002,0.0,0.0004,0.0004,0.0001,0.0,0.0052,0.0237,0.0034,0.004,0.004,0.0002],[0.0009,0.0001,0.9442,0.0032,0.0034,0.0002,0.0,0.0004,0.0003,0.0001,0.0,0.0072,0.0268,0.0036,0.0048,0.0045,0.0002],[0.0012,0.0002,0.9023,0.0048,0.005,0.0003,0.0001,0.0006,0.0004,0.0002,0.0,0.0147,0.05,0.0063,0.0072,0.0064,0.0003],[0.0045,0.0001,0.9166,0.0114,0.0122,0.0005,0.0001,0.0014,0.0013,0.0003,0.0001,0.003,0.0303,0.0056,0.0051,0.0069,0.0006],[0.0034,0.0001,0.9272,0.0092,0.0099,0.0004,0.0001,0.001,0.0009,0.0003,0.0001,0.0033,0.0294,0.0052,0.004,0.0052,0.0004],[0.0026,0.0001,0.9337,0.0076,0.0081,0.0004,0.0001,0.0008,0.0007,0.0002,0.0001,0.0037,0.029,0.0049,0.0034,0.0043,0.0003],[0.0021,0.0001,0.9355,0.0065,0.007,0.0003,0.0001,0.0007,0.0006,0.0002,0.0,0.0045,0.0303,0.0048,0.0032,0.0038,0.0003],[0.0017,0.0001,0.9348,0.0057,0.0061,0.0003,0.0001,0.0006,0.0005,0.0002,0.0,0.0055,0.0323,0.0049,0.0033,0.0036,0.0002],[0.0015,0.0001,0.9297,0.0053,0.0056,0.0003,0.0001,0.0006,0.0004,0.0002,0.0,0.0072,0.036,0.0052,0.0038,0.0039,0.0002],[0.0013,0.0002,0.9203,0.0049,0.0052,0.0003,0.0001,0.0006,0.0004,0.0002,0.0,0.0099,0.0413,0.0056,0.0049,0.0046,0.0002],[0.0082,0.0001,0.8233,0.024,0.0258,0.0011,0.0003,0.0024,0.002,0.0006,0.0002,0.0072,0.0753,0.0137,0.0061,0.009,0.0008],[0.0105,0.0002,0.7794,0.0309,0.0333,0.0014,0.0004,0.003,0.0026,0.0008,0.0002,0.0083,0.0931,0.0171,0.007,0.0108,0.001],[0.0082,0.0002,0.7808,0.0269,0.0289,0.0012,0.0003,0.0025,0.002,0.0006,0.0002,0.0108,0.1038,0.018,0.0062,0.0088,0.0008],[0.0107,0.0002,0.7206,0.0356,0.0383,0.0016,0.0004,0.0032,0.0025,0.0008,0.0002,0.0126,0.1317,0.0233,0.007,0.0104,0.001],[0.007,0.0003,0.7614,0.0253,0.0272,0.0012,0.0003,0.0022,0.0017,0.0006,0.0002,0.0146,0.1232,0.0202,0.0061,0.008,0.0007],[0.0089,0.0003,0.6893,0.0335,0.036,0.0015,0.0003,0.0028,0.0021,0.0007,0.0002,0.0175,0.1627,0.0272,0.0069,0.0093,0.0008],[0.0053,0.0003,0.7681,0.0204,0.0218,0.001,0.0002,0.0018,0.0013,0.0005,0.0001,0.0181,0.1275,0.0195,0.0063,0.0073,0.0005],[0.0064,0.0004,0.6952,0.0258,0.0277,0.0012,0.0003,0.0022,0.0016,0.0006,0.0002,0.0231,0.173,0.0262,0.0071,0.0084,0.0006],[0.0034,0.0003,0.8103,0.0137,0.0147,0.0007,0.0002,0.0013,0.0009,0.0003,0.0001,0.0192,0.1066,0.0152,0.0063,0.0064,0.0004],[0.0041,0.0004,0.7512,0.0171,0.0183,0.0009,0.0002,0.0016,0.0011,0.0004,0.0001,0.0256,0.143,0.0201,0.0075,0.0077,0.0005],[0.0093,0.0001,0.8406,0.024,0.0258,0.0011,0.0003,0.0027,0.0024,0.0007,0.0002,0.0048,0.0573,0.0111,0.0074,0.0112,0.001],[0.0131,0.0002,0.7462,0.0376,0.0404,0.0017,0.0004,0.0037,0.0032,0.0009,0.0003,0.0084,0.1023,0.0194,0.0081,0.0129,0.0012],[0.0142,0.0003,0.6579,0.0468,0.0504,0.002,0.0005,0.0041,0.0032,0.001,0.0003,0.0132,0.1561,0.0286,0.0078,0.0123,0.0012],[0.0109,0.0004,0.6016,0.0443,0.0477,0.0019,0.0004,0.0034,0.0026,0.0008,0.0002,0.0197,0.2109,0.0363,0.0074,0.0104,0.0009],[0.007,0.0005,0.6075,0.0301,0.0323,0.0015,0.0003,0.0025,0.0017,0.0006,0.0002,0.0299,0.2335,0.0345,0.0079,0.0091,0.0007],[0.0043,0.0006,0.6988,0.0186,0.0198,0.0011,0.0002,0.0018,0.0011,0.0005,0.0001,0.0337,0.1771,0.0242,0.009,0.0088,0.0005],[0.0022,0.0004,0.8295,0.0092,0.0098,0.0006,0.0001,0.001,0.0006,0.0003,0.0001,0.0233,0.0952,0.0124,0.0078,0.0071,0.0003],[0.0112,0.0001,0.8328,0.0268,0.0288,0.0013,0.0004,0.0032,0.003,0.0008,0.0002,0.004,0.0524,0.0106,0.009,0.014,0.0013],[0.0193,0.0001,0.7095,0.05,0.0538,0.0022,0.0006,0.0054,0.0047,0.0013,0.0004,0.0061,0.0955,0.0199,0.0107,0.0185,0.0019],[0.0276,0.0002,0.5098,0.0854,0.092,0.0035,0.0009,0.0075,0.0059,0.0018,0.0005,0.01,0.1859,0.0389,0.0098,0.0184,0.002],[0.016,0.0004,0.3175,0.0869,0.094,0.0033,0.0007,0.0051,0.0037,0.0012,0.0004,0.0174,0.3628,0.0715,0.0066,0.0113,0.0011],[0.0054,0.001,0.3183,0.0305,0.0327,0.0019,0.0003,0.0026,0.0014,0.0007,0.0002,0.0548,0.4696,0.0624,0.0088,0.0089,0.0005],[0.0031,0.0009,0.6051,0.0158,0.0166,0.0012,0.0002,0.0019,0.001,0.0005,0.0001,0.0594,0.2393,0.0293,0.0136,0.0115,0.0005],[0.0017,0.0005,0.815,0.0079,0.0082,0.0006,0.0001,0.001,0.0006,0.0003,0.0001,0.0305,0.1018,0.0123,0.0103,0.0088,0.0004],[0.0057,0.0001,0.894,0.0148,0.0159,0.0007,0.0002,0.0017,0.0015,0.0004,0.0001,0.0038,0.0397,0.0074,0.0055,0.0078,0.0007],[0.005,0.0001,0.8875,0.0145,0.0156,0.0007,0.0002,0.0015,0.0013,0.0004,0.0001,0.005,0.0479,0.0085,0.0046,0.0064,0.0006],[0.0044,0.0001,0.8835,0.0137,0.0147,0.0006,0.0002,0.0013,0.0011,0.0003,0.0001,0.0063,0.0541,0.0092,0.0042,0.0056,0.0005],[0.0036,0.0001,0.8837,0.0121,0.013,0.0006,0.0001,0.0011,0.0009,0.0003,0.0001,0.0077,0.0581,0.0094,0.0039,0.0049,0.0004],[0.0029,0.0002,0.8824,0.0106,0.0113,0.0005,0.0001,0.001,0.0008,0.0003,0.0001,0.0095,0.0618,0.0095,0.0041,0.0047,0.0003],[0.0023,0.0002,0.8866,0.0087,0.0093,0.0005,0.0001,0.0009,0.0006,0.0002,0.0001,0.0112,0.0611,0.0089,0.0045,0.0047,0.0003],[0.0017,0.0002,0.8943,0.0066,0.007,0.0004,0.0001,0.0007,0.0005,0.0002,0.0,0.0131,0.0566,0.0077,0.0055,0.0052,0.0003],[0.0071,0.0001,0.8969,0.0103,0.0109,0.0007,0.0002,0.0024,0.0029,0.0007,0.0002,0.0015,0.012,0.0026,0.0231,0.0266,0.0019],[0.0109,0.0001,0.8384,0.014,0.0148,0.001,0.0003,0.0038,0.0048,0.0012,0.0003,0.002,0.0133,0.003,0.0418,0.0471,0.0033],[0.0087,0.0001,0.8561,0.0111,0.0117,0.0008,0.0003,0.0031,0.004,0.001,0.0002,0.002,0.0111,0.0024,0.0404,0.044,0.0029],[0.0142,0.0002,0.7545,0.0166,0.0175,0.0013,0.0004,0.0053,0.007,0.0017,0.0004,0.0029,0.0141,0.0032,0.075,0.0805,0.0052],[0.0096,0.0001,0.805,0.0114,0.012,0.0009,0.0003,0.0037,0.005,0.0012,0.0003,0.0029,0.0112,0.0024,0.0638,0.0661,0.004],[0.0141,0.0002,0.6688,0.0155,0.0162,0.0013,0.0005,0.0059,0.0085,0.002,0.0004,0.0041,0.0132,0.0028,0.119,0.1204,0.0071],[0.0089,0.0002,0.771,0.0103,0.0107,0.0009,0.0003,0.0037,0.0053,0.0013,0.0003,0.0039,0.0108,0.0021,0.0829,0.0827,0.0046],[0.0103,0.0003,0.6056,0.0112,0.0114,0.0011,0.0004,0.0051,0.0083,0.002,0.0004,0.0057,0.0115,0.0021,0.1615,0.155,0.0081],[0.0074,0.0002,0.7551,0.0085,0.0087,0.0008,0.0003,0.0034,0.005,0.0013,0.0003,0.005,0.0105,0.0019,0.0948,0.0921,0.0047],[0.0068,0.0004,0.6278,0.0076,0.0075,0.0008,0.0003,0.0036,0.0058,0.0015,0.0003,0.0085,0.0123,0.0018,0.1591,0.1495,0.0064],[0.0057,0.0003,0.7625,0.0066,0.0067,0.0007,0.0002,0.0028,0.0042,0.0011,0.0002,0.0063,0.0107,0.0017,0.0952,0.0908,0.0042],[0.0041,0.0005,0.7258,0.005,0.0049,0.0006,0.0002,0.0024,0.0036,0.0011,0.0002,0.0121,0.0148,0.0018,0.1134,0.1053,0.0042],[0.004,0.0003,0.7959,0.0049,0.0048,0.0005,0.0002,0.0021,0.0031,0.0009,0.0002,0.0079,0.0115,0.0015,0.0819,0.077,0.0033],[0.0023,0.0004,0.8318,0.0032,0.003,0.0004,0.0001,0.0014,0.002,0.0006,0.0001,0.0118,0.0153,0.0017,0.0644,0.0592,0.0023],[0.0023,0.0003,0.857,0.0031,0.003,0.0003,0.0001,0.0013,0.0019,0.0006,0.0001,0.0087,0.012,0.0014,0.055,0.051,0.0021],[0.0012,0.0002,0.9106,0.002,0.0019,0.0002,0.0001,0.0007,0.0009,0.0003,0.0001,0.0088,0.0138,0.0015,0.0296,0.027,0.001],[0.0067,0.0001,0.8854,0.0089,0.0094,0.0006,0.0002,0.0024,0.0031,0.0008,0.0002,0.0018,0.0098,0.0021,0.0319,0.0345,0.0022],[0.0061,0.0001,0.8734,0.0077,0.0081,0.0006,0.0002,0.0024,0.0032,0.0008,0.0002,0.0023,0.0087,0.0018,0.0403,0.0417,0.0025],[0.0056,0.0001,0.8611,0.0068,0.0071,0.0006,0.0002,0.0023,0.0032,0.0008,0.0002,0.0029,0.0084,0.0016,0.0483,0.0484,0.0027],[0.0046,0.0002,0.8589,0.0056,0.0058,0.0005,0.0002,0.002,0.0029,0.0007,0.0002,0.0036,0.0081,0.0014,0.052,0.0508,0.0026],[0.0035,0.0002,0.8683,0.0043,0.0044,0.0004,0.0001,0.0016,0.0024,0.0006,0.0001,0.0043,0.0079,0.0012,0.0502,0.0482,0.0023],[0.0027,0.0002,0.8779,0.0034,0.0034,0.0003,0.0001,0.0013,0.0019,0.0005,0.0001,0.0054,0.0087,0.0012,0.0468,0.0443,0.002],[0.0019,0.0002,0.8923,0.0026,0.0025,0.0003,0.0001,0.001,0.0014,0.0004,0.0001,0.0068,0.0103,0.0012,0.04,0.0373,0.0015],[0.0179,0.0001,0.7389,0.0209,0.0221,0.0016,0.0006,0.0064,0.0082,0.002,0.0005,0.0026,0.0164,0.0039,0.0714,0.0807,0.0057],[0.02,0.0002,0.6047,0.0211,0.0221,0.0018,0.0007,0.008,0.0113,0.0027,0.0006,0.0036,0.0151,0.0035,0.1349,0.1406,0.009],[0.0116,0.0003,0.4451,0.0118,0.0119,0.0014,0.0005,0.0068,0.0122,0.0029,0.0006,0.0048,0.0098,0.0019,0.2395,0.2265,0.0125],[0.0062,0.0006,0.5021,0.0069,0.0066,0.0008,0.0003,0.0037,0.0061,0.0017,0.0003,0.0094,0.0118,0.0016,0.2251,0.209,0.0077],[0.0036,0.0006,0.6974,0.0046,0.0043,0.0006,0.0002,0.0024,0.0034,0.0011,0.0002,0.0163,0.0178,0.0019,0.1258,0.1156,0.0042],[0.0009,0.0011,0.7429,0.0025,0.0017,0.0005,0.0001,0.0016,0.0014,0.0008,0.0001,0.0338,0.0302,0.0025,0.0948,0.0828,0.0022],[0.0013,0.0005,0.8538,0.0023,0.0021,0.0003,0.0001,0.0011,0.0012,0.0005,0.0001,0.0176,0.0217,0.0021,0.0497,0.0442,0.0015],[0.0059,0.0001,0.8987,0.0079,0.0084,0.0006,0.0002,0.0021,0.0027,0.0007,0.0002,0.0017,0.0092,0.0019,0.0279,0.0301,0.0019],[0.0049,0.0001,0.8992,0.0063,0.0067,0.0005,0.0002,0.0019,0.0025,0.0006,0.0001,0.0019,0.0077,0.0015,0.0314,0.0325,0.0019],[0.0041,0.0001,0.8987,0.0052,0.0054,0.0004,0.0001,0.0017,0.0023,0.0006,0.0001,0.0023,0.007,0.0013,0.0343,0.0344,0.0019],[0.0034,0.0001,0.9005,0.0042,0.0044,0.0004,0.0001,0.0014,0.002,0.0005,0.0001,0.0028,0.0067,0.0011,0.0355,0.0349,0.0018],[0.0027,0.0001,0.9036,0.0034,0.0035,0.0003,0.0001,0.0012,0.0017,0.0005,0.0001,0.0034,0.0068,0.001,0.0355,0.0342,0.0017],[0.0022,0.0002,0.9056,0.0028,0.0028,0.0003,0.0001,0.0011,0.0015,0.0004,0.0001,0.0044,0.0077,0.001,0.0352,0.0333,0.0015],[0.0017,0.0002,0.9074,0.0023,0.0023,0.0002,0.0001,0.0009,0.0012,0.0004,0.0001,0.006,0.0096,0.0012,0.0337,0.0314,0.0013],[0.0052,0.0001,0.9105,0.0072,0.0076,0.0005,0.0002,0.0019,0.0023,0.0006,0.0001,0.0016,0.0088,0.0018,0.024,0.026,0.0017],[0.0039,0.0001,0.9197,0.0053,0.0056,0.0004,0.0001,0.0015,0.0019,0.0005,0.0001,0.0017,0.007,0.0014,0.0241,0.0251,0.0015],[0.0031,0.0001,0.9256,0.0041,0.0043,0.0003,0.0001,0.0012,0.0017,0.0004,0.0001,0.0019,0.0061,0.0011,0.0242,0.0244,0.0014],[0.0025,0.0001,0.9295,0.0032,0.0034,0.0003,0.0001,0.001,0.0014,0.0004,0.0001,0.0022,0.0058,0.001,0.0241,0.0238,0.0012],[0.002,0.0001,0.9296,0.0027,0.0028,0.0002,0.0001,0.0009,0.0013,0.0003,0.0001,0.0028,0.0061,0.0009,0.0249,0.0241,0.0012],[0.0017,0.0001,0.9269,0.0023,0.0024,0.0002,0.0001,0.0008,0.0011,0.0003,0.0001,0.0037,0.007,0.0009,0.0262,0.0249,0.0011],[0.0015,0.0002,0.9206,0.0021,0.0021,0.0002,0.0001,0.0008,0.0011,0.0003,0.0001,0.0054,0.0091,0.0011,0.0281,0.0262,0.0011],[0.0042,0.0001,0.9283,0.0062,0.0066,0.0004,0.0001,0.0015,0.0018,0.0005,0.0001,0.0014,0.0084,0.0017,0.0178,0.0195,0.0013],[0.0028,0.0,0.9461,0.0041,0.0043,0.0003,0.0001,0.001,0.0013,0.0003,0.0001,0.0013,0.0065,0.0012,0.0144,0.0152,0.0009],[0.002,0.0,0.9562,0.0029,0.0031,0.0002,0.0001,0.0007,0.0009,0.0002,0.0001,0.0014,0.0056,0.001,0.0123,0.0126,0.0007],[0.0012,0.0001,0.9588,0.0019,0.0019,0.0001,0.0,0.0005,0.0007,0.0002,0.0,0.0021,0.0056,0.0008,0.0129,0.0125,0.0006],[0.0011,0.0001,0.9533,0.0017,0.0018,0.0001,0.0,0.0005,0.0007,0.0002,0.0,0.003,0.0066,0.0009,0.015,0.0143,0.0007],[0.0011,0.0001,0.9399,0.0017,0.0017,0.0002,0.0,0.0006,0.0008,0.0002,0.0,0.0047,0.0089,0.0011,0.0197,0.0184,0.0008],[0.0035,0.0,0.9439,0.0059,0.0063,0.0003,0.0001,0.0012,0.0013,0.0003,0.0001,0.0013,0.0097,0.0019,0.0109,0.0124,0.0009],[0.0061,0.0001,0.9141,0.0099,0.0106,0.0006,0.0002,0.002,0.0023,0.0006,0.0001,0.0015,0.0136,0.0029,0.0156,0.0186,0.0014],[0.0022,0.0,0.9595,0.0038,0.004,0.0002,0.0001,0.0008,0.0009,0.0002,0.0001,0.0012,0.0076,0.0014,0.0083,0.0091,0.0006],[0.0015,0.0,0.9667,0.0027,0.0029,0.0002,0.0001,0.0005,0.0006,0.0002,0.0,0.0013,0.0067,0.0012,0.0072,0.0076,0.0005],[0.0009,0.0,0.9699,0.0017,0.0018,0.0001,0.0,0.0004,0.0004,0.0001,0.0,0.0021,0.007,0.001,0.0071,0.007,0.0004],[0.0008,0.0001,0.9658,0.0016,0.0016,0.0001,0.0,0.0004,0.0004,0.0001,0.0,0.003,0.0084,0.0011,0.0083,0.0079,0.0004],[0.0007,0.0001,0.9563,0.0015,0.0016,0.0001,0.0,0.0004,0.0004,0.0001,0.0,0.0047,0.0108,0.0013,0.0111,0.0103,0.0004],[0.0008,0.0002,0.9302,0.0018,0.0018,0.0002,0.0,0.0005,0.0006,0.0002,0.0,0.0092,0.017,0.0019,0.0184,0.0165,0.0006],[0.0009,0.0005,0.88,0.0022,0.002,0.0003,0.0001,0.0008,0.0008,0.0004,0.0001,0.0201,0.0278,0.0027,0.0326,0.0281,0.0009],[0.0033,0.0,0.9465,0.0061,0.0065,0.0003,0.0001,0.0011,0.0012,0.0003,0.0001,0.0013,0.011,0.0022,0.0088,0.0103,0.0007],[0.0059,0.0,0.9173,0.0102,0.0109,0.0006,0.0002,0.0019,0.0021,0.0005,0.0001,0.0015,0.0151,0.0032,0.0131,0.0161,0.0012],[0.0011,0.0,0.97,0.0023,0.0025,0.0001,0.0,0.0004,0.0004,0.0001,0.0,0.0018,0.0083,0.0013,0.0055,0.0056,0.0003],[0.0007,0.0001,0.9582,0.0016,0.0017,0.0001,0.0,0.0003,0.0004,0.0001,0.0,0.005,0.013,0.0016,0.0087,0.008,0.0003],[0.0007,0.0002,0.9326,0.0019,0.0019,0.0002,0.0,0.0005,0.0005,0.0002,0.0,0.0098,0.0203,0.0023,0.015,0.0133,0.0005],[0.0582,0.0001,0.5725,0.0522,0.0554,0.0045,0.0016,0.0194,0.0228,0.0052,0.0013,0.0015,0.0236,0.0068,0.0538,0.109,0.0119],[0.0006,0.0012,0.7683,0.0025,0.0017,0.0006,0.0001,0.0015,0.001,0.0007,0.0001,0.0507,0.0455,0.0037,0.0666,0.0537,0.0015],[0.0034,0.0,0.946,0.0066,0.007,0.0004,0.0001,0.0011,0.0011,0.0003,0.0001,0.0014,0.0129,0.0025,0.0074,0.0089,0.0007],[0.006,0.0001,0.9146,0.0118,0.0127,0.0006,0.0002,0.0019,0.0019,0.0005,0.0001,0.0018,0.0202,0.0041,0.0097,0.0127,0.001],[0.0064,0.0001,0.9035,0.0141,0.0151,0.0007,0.0002,0.0019,0.0019,0.0005,0.0001,0.0024,0.0278,0.0055,0.0079,0.0109,0.0009],[0.0021,0.0,0.9616,0.0041,0.0044,0.0002,0.0001,0.0007,0.0008,0.0002,0.0,0.0013,0.0095,0.0017,0.0061,0.0069,0.0005],[0.0015,0.0,0.9678,0.003,0.0032,0.0002,0.0,0.0005,0.0006,0.0001,0.0,0.0015,0.0084,0.0014,0.0056,0.006,0.0004],[0.0009,0.0001,0.9702,0.0019,0.002,0.0001,0.0,0.0003,0.0004,0.0001,0.0,0.0023,0.009,0.0013,0.0055,0.0055,0.0003],[0.0008,0.0001,0.9635,0.002,0.0021,0.0001,0.0,0.0003,0.0004,0.0001,0.0,0.0037,0.0121,0.0016,0.0066,0.0063,0.0003],[0.0007,0.0001,0.9569,0.0019,0.0019,0.0001,0.0,0.0003,0.0003,0.0001,0.0,0.0056,0.016,0.002,0.0071,0.0065,0.0003],[0.0008,0.0002,0.9247,0.0026,0.0027,0.0002,0.0,0.0005,0.0004,0.0002,0.0,0.0127,0.0319,0.0037,0.0101,0.0089,0.0003],[0.0011,0.0003,0.9012,0.0043,0.0044,0.0003,0.0001,0.0006,0.0004,0.0002,0.0,0.0161,0.0487,0.0059,0.0086,0.0076,0.0003],[0.051,0.0001,0.4608,0.1304,0.1403,0.0054,0.0015,0.0127,0.0099,0.0029,0.0009,0.0046,0.1089,0.0288,0.0121,0.0265,0.0031],[0.0009,0.0015,0.6494,0.0055,0.005,0.001,0.0002,0.0018,0.0006,0.0005,0.0001,0.1036,0.1736,0.0149,0.0233,0.0175,0.0005],[0.0014,0.0006,0.8116,0.0062,0.0063,0.0006,0.0001,0.001,0.0006,0.0003,0.0001,0.0377,0.0969,0.0108,0.014,0.0116,0.0004],[0.0009,0.0005,0.8472,0.004,0.004,0.0005,0.0001,0.0009,0.0005,0.0003,0.0001,0.0333,0.0702,0.0073,0.0163,0.0135,0.0005],[0.0169,0.0003,0.2968,0.0157,0.0161,0.0017,0.0006,0.0078,0.0141,0.0034,0.0007,0.0032,0.0091,0.0021,0.3138,0.2818,0.0158],[0.0429,0.0002,0.5086,0.0386,0.0405,0.0036,0.0013,0.0163,0.0216,0.0049,0.0012,0.0025,0.0181,0.005,0.1196,0.1615,0.0138],[0.0657,0.0001,0.5348,0.0575,0.0609,0.0051,0.0018,0.0222,0.0254,0.0059,0.0015,0.0017,0.025,0.0074,0.0566,0.1156,0.0126],[0.0692,0.0001,0.4879,0.1009,0.1084,0.0056,0.0018,0.0181,0.0169,0.0044,0.0012,0.003,0.0662,0.0181,0.0288,0.0623,0.0071],[0.0561,0.0001,0.4439,0.1358,0.1458,0.0059,0.0017,0.0146,0.0121,0.0034,0.001,0.0039,0.0937,0.0253,0.0161,0.0363,0.0042],[0.0448,0.0002,0.4064,0.1474,0.1583,0.0057,0.0015,0.0121,0.0093,0.0028,0.0009,0.0056,0.1329,0.0336,0.011,0.0246,0.0029],[0.027,0.0003,0.3508,0.1066,0.1151,0.0041,0.001,0.0076,0.0057,0.0018,0.0005,0.0128,0.2814,0.0594,0.0082,0.0159,0.0018],[0.0173,0.0004,0.2959,0.0884,0.0957,0.0034,0.0008,0.0053,0.0039,0.0013,0.0004,0.0161,0.3762,0.0757,0.0066,0.0115,0.0012],[0.0148,0.0004,0.2905,0.0804,0.0871,0.0031,0.0007,0.0047,0.0034,0.0011,0.0003,0.0189,0.4001,0.0764,0.0064,0.0105,0.0011],[0.0075,0.0009,0.3011,0.0421,0.0453,0.0021,0.0004,0.0031,0.0019,0.0008,0.0002,0.0447,0.4649,0.0674,0.008,0.009,0.0006],[0.0047,0.0011,0.2958,0.0273,0.0292,0.0018,0.0003,0.0025,0.0013,0.0006,0.0002,0.0571,0.4963,0.0633,0.0091,0.0088,0.0005],[0.0028,0.0014,0.4905,0.016,0.0166,0.0014,0.0002,0.0022,0.001,0.0006,0.0001,0.0869,0.3129,0.036,0.0171,0.0138,0.0005],[0.0013,0.0018,0.5465,0.0083,0.0079,0.0013,0.0002,0.0022,0.0007,0.0006,0.0001,0.1312,0.234,0.0211,0.024,0.0182,0.0006],[0.0008,0.0019,0.5972,0.0056,0.0048,0.0012,0.0002,0.0022,0.0008,0.0007,0.0001,0.1385,0.1689,0.0141,0.0358,0.0265,0.0008],[0.0006,0.0017,0.6832,0.0036,0.0025,0.0009,0.0001,0.002,0.001,0.0008,0.0001,0.0965,0.0898,0.0071,0.062,0.0469,0.0013],[0.0007,0.0018,0.6853,0.0032,0.0019,0.0008,0.0001,0.0021,0.0014,0.0011,0.0001,0.0603,0.0536,0.0043,0.1024,0.0786,0.0021],[0.001,0.0016,0.6671,0.003,0.0018,0.0007,0.0001,0.0021,0.0018,0.0012,0.0002,0.0393,0.0342,0.0029,0.1303,0.1096,0.0029],[0.0025,0.0011,0.5329,0.0038,0.003,0.0006,0.0002,0.0024,0.0032,0.0014,0.0002,0.0202,0.0184,0.0018,0.2024,0.2005,0.0054],[0.0037,0.0009,0.3777,0.0045,0.0039,0.0006,0.0002,0.0027,0.0042,0.0015,0.0002,0.0131,0.0128,0.0014,0.296,0.2694,0.0071],[0.0107,0.0004,0.2653,0.0103,0.0103,0.0011,0.0004,0.0054,0.0102,0.0026,0.0005,0.0044,0.0079,0.0016,0.3609,0.2949,0.0132],[0.05,0.0003,0.1826,0.0436,0.0433,0.0062,0.0025,0.0332,0.0731,0.0133,0.0028,0.0012,0.0117,0.004,0.0519,0.4229,0.0575],[0.0963,0.0003,0.2405,0.0787,0.0795,0.0107,0.0043,0.0593,0.0731,0.016,0.0039,0.0013,0.0195,0.007,0.0445,0.2334,0.0316],[0.2444,0.0001,0.1988,0.1418,0.1547,0.0122,0.0041,0.0461,0.0343,0.0096,0.0028,0.0014,0.0363,0.0134,0.019,0.0713,0.0096],[0.0485,0.0001,0.1149,0.3235,0.346,0.0104,0.0027,0.0165,0.0113,0.004,0.0013,0.0017,0.0671,0.0262,0.0056,0.0178,0.0024],[0.0215,0.0002,0.1136,0.2256,0.2448,0.0069,0.0014,0.0077,0.0053,0.0019,0.0006,0.004,0.2568,0.0954,0.0037,0.0094,0.0012],[0.0004,0.0048,0.2205,0.0066,0.0037,0.0026,0.0003,0.0049,0.0013,0.0016,0.0002,0.3946,0.2395,0.0159,0.0609,0.041,0.0011],[0.0005,0.0048,0.3778,0.0058,0.0019,0.0017,0.0003,0.0052,0.0031,0.003,0.0004,0.0764,0.058,0.0048,0.2744,0.1771,0.0048],[0.0007,0.0042,0.2723,0.0052,0.0017,0.0014,0.0002,0.0046,0.0035,0.0031,0.0004,0.0524,0.0404,0.0034,0.3352,0.2643,0.0069],[0.0016,0.0086,0.0053,0.0135,0.0041,0.0049,0.0021,0.0143,0.3689,0.2108,0.0193,0.0019,0.003,0.0008,0.0143,0.2019,0.1248],[0.0035,0.0024,0.0059,0.0194,0.012,0.0066,0.0033,0.0247,0.4583,0.1504,0.0206,0.0006,0.0017,0.0008,0.0058,0.1843,0.0999],[0.0137,0.0008,0.0297,0.0409,0.0306,0.0118,0.0058,0.0563,0.5611,0.0937,0.0161,0.0004,0.0037,0.0019,0.0077,0.0929,0.0331],[0.0427,0.0003,0.0584,0.1471,0.1224,0.0388,0.0178,0.2861,0.139,0.0444,0.0135,0.0005,0.0117,0.0071,0.0084,0.0507,0.011],[0.0373,0.0002,0.0543,0.2539,0.3831,0.0563,0.0142,0.0619,0.0369,0.0166,0.006,0.0007,0.0285,0.0228,0.0044,0.0194,0.0035],[0.0048,0.0001,0.0126,0.4243,0.4601,0.0105,0.0017,0.0051,0.0031,0.0015,0.0005,0.0004,0.029,0.0429,0.0007,0.0023,0.0004],[0.0001,0.0202,0.054,0.0216,0.0066,0.0086,0.0012,0.0205,0.005,0.0067,0.001,0.3304,0.2434,0.022,0.1352,0.1205,0.0031],[0.0012,0.0118,0.0049,0.0153,0.0033,0.0052,0.0021,0.016,0.3257,0.1951,0.0172,0.0027,0.0041,0.0009,0.02,0.2382,0.1362],[0.0007,0.0079,0.0025,0.0106,0.0025,0.0046,0.002,0.011,0.4618,0.2972,0.0249,0.0014,0.0022,0.0006,0.0099,0.1037,0.0564],[0.002,0.0019,0.0037,0.0135,0.0074,0.0053,0.0028,0.013,0.5671,0.2293,0.0318,0.0004,0.0011,0.0005,0.0035,0.0758,0.0409],[0.0064,0.0006,0.0119,0.0469,0.0259,0.0173,0.0094,0.0312,0.5426,0.2092,0.0374,0.0002,0.002,0.0013,0.0031,0.0392,0.0156],[0.0171,0.0005,0.024,0.3022,0.1386,0.0968,0.0512,0.0972,0.1125,0.083,0.0335,0.0003,0.0065,0.0055,0.0034,0.0221,0.0056],[0.009,0.0003,0.0133,0.1027,0.5991,0.1557,0.0298,0.0208,0.0172,0.0146,0.0065,0.0003,0.008,0.0146,0.0012,0.0058,0.0012],[0.0016,0.001,0.0034,0.1251,0.6559,0.1175,0.0091,0.0038,0.0024,0.0022,0.001,0.0006,0.0088,0.0659,0.0004,0.0012,0.0002],[0.0006,0.0032,0.0018,0.1077,0.5659,0.1162,0.0087,0.0041,0.0009,0.0018,0.0008,0.002,0.0127,0.1715,0.0008,0.0012,0.0001],[0.0001,0.0503,0.0176,0.054,0.023,0.0295,0.0037,0.0506,0.0051,0.0099,0.0019,0.1856,0.389,0.0688,0.0532,0.0559,0.0015],[0.0001,0.0443,0.017,0.0466,0.0129,0.0183,0.0025,0.0447,0.0056,0.0095,0.0016,0.2626,0.3378,0.0314,0.08,0.0832,0.0021],[0.0001,0.0453,0.011,0.0461,0.0038,0.0093,0.0022,0.0469,0.0501,0.0504,0.005,0.0282,0.0335,0.0048,0.1907,0.4471,0.0254],[0.0006,0.0118,0.0028,0.0139,0.0024,0.0055,0.0023,0.0144,0.4358,0.2635,0.0218,0.0022,0.0034,0.0008,0.0157,0.137,0.0662],[0.0003,0.0076,0.0012,0.0089,0.0015,0.0048,0.0022,0.0091,0.3914,0.4578,0.032,0.001,0.0017,0.0005,0.0065,0.0499,0.0236],[0.001,0.0021,0.002,0.0087,0.0043,0.0052,0.0029,0.0078,0.3025,0.521,0.073,0.0003,0.0008,0.0003,0.0027,0.0427,0.0226],[0.0077,0.0009,0.011,0.1341,0.0878,0.225,0.1412,0.0434,0.0603,0.179,0.0877,0.0002,0.0033,0.0032,0.0016,0.0108,0.0029],[0.0017,0.0004,0.0026,0.0203,0.1249,0.7019,0.1152,0.0049,0.0043,0.0105,0.0068,0.0001,0.0017,0.0029,0.0003,0.0013,0.0003],[0.0002,0.002,0.0005,0.0169,0.4378,0.4932,0.0214,0.0024,0.0005,0.0016,0.0008,0.0007,0.0033,0.0177,0.0004,0.0006,0.0],[0.0002,0.0101,0.0008,0.0323,0.4491,0.3762,0.0307,0.0104,0.0011,0.0051,0.0024,0.0035,0.0148,0.0591,0.0018,0.0023,0.0001],[0.0002,0.0136,0.0011,0.0397,0.4464,0.3325,0.0302,0.0139,0.0013,0.0062,0.0028,0.0049,0.0209,0.0804,0.0024,0.0032,0.0001],[0.0001,0.0422,0.0028,0.06,0.2273,0.2354,0.0257,0.0425,0.0031,0.0127,0.0049,0.0197,0.0791,0.2243,0.0088,0.011,0.0004],[0.0001,0.0563,0.0038,0.0702,0.1863,0.2073,0.023,0.0566,0.004,0.0148,0.0052,0.0287,0.1122,0.203,0.0126,0.0155,0.0006],[0.0001,0.09,0.0073,0.0997,0.0776,0.0976,0.0114,0.0904,0.0063,0.0168,0.0044,0.0651,0.2241,0.1477,0.0276,0.0329,0.0011],[0.0,0.1075,0.0081,0.1149,0.0436,0.0611,0.0077,0.1081,0.0084,0.0186,0.004,0.0873,0.2621,0.0776,0.0406,0.0487,0.0015],[0.0,0.117,0.0089,0.1217,0.0256,0.04,0.0056,0.1177,0.0111,0.0213,0.0038,0.1149,0.2461,0.0426,0.0553,0.0664,0.002],[0.0,0.0796,0.0072,0.0807,0.006,0.0141,0.0029,0.0813,0.0335,0.0417,0.0048,0.0225,0.0316,0.0065,0.2461,0.3322,0.0094],[0.0001,0.0756,0.0064,0.0766,0.0053,0.0145,0.0035,0.0786,0.0667,0.0741,0.0076,0.0191,0.0278,0.0055,0.1643,0.3558,0.0185],[0.0002,0.0572,0.0042,0.0582,0.0042,0.0149,0.0047,0.0606,0.1944,0.182,0.016,0.0101,0.0155,0.0034,0.0716,0.263,0.0398],[0.0002,0.0424,0.0031,0.0433,0.0034,0.0136,0.0047,0.045,0.2764,0.2477,0.0204,0.0067,0.0105,0.0024,0.0461,0.1927,0.0413],[0.0003,0.0134,0.0016,0.0147,0.002,0.0071,0.003,0.0152,0.4092,0.3754,0.0297,0.0017,0.0029,0.0008,0.0116,0.0778,0.0334],[0.0002,0.0118,0.0009,0.0126,0.0016,0.0084,0.0039,0.0129,0.2432,0.5745,0.0629,0.0012,0.0021,0.0007,0.0072,0.0402,0.0157],[0.0036,0.0016,0.0051,0.0626,0.0449,0.2564,0.1931,0.0209,0.0265,0.215,0.1595,0.0001,0.0017,0.0017,0.0009,0.0051,0.0013],[0.0001,0.0053,0.0004,0.0138,0.2011,0.6741,0.067,0.0056,0.0008,0.0043,0.0023,0.0012,0.0051,0.0169,0.0007,0.0011,0.0001],[0.0001,0.0151,0.0007,0.027,0.2337,0.5617,0.0653,0.0153,0.0016,0.0097,0.0049,0.0036,0.0147,0.0414,0.0021,0.003,0.0002],[0.0001,0.0183,0.0008,0.0317,0.2512,0.5219,0.0575,0.0185,0.0018,0.0107,0.0053,0.0046,0.019,0.0522,0.0027,0.0037,0.0002],[0.0001,0.0469,0.0021,0.0589,0.2494,0.3049,0.0353,0.0471,0.0035,0.0163,0.0066,0.0154,0.0626,0.1322,0.008,0.0103,0.0004],[0.0001,0.0623,0.0026,0.0729,0.2165,0.2639,0.0295,0.0626,0.0043,0.0182,0.0068,0.0204,0.084,0.1307,0.0108,0.0139,0.0005],[0.0,0.1089,0.0049,0.1195,0.0936,0.1264,0.0147,0.1093,0.0069,0.0202,0.0056,0.045,0.171,0.1193,0.0239,0.0299,0.001],[0.0,0.1415,0.0051,0.1526,0.0521,0.0788,0.01,0.142,0.0092,0.0224,0.0051,0.0535,0.1821,0.0657,0.0346,0.0439,0.0014],[0.0,0.159,0.0054,0.1654,0.0314,0.0522,0.0073,0.1598,0.0122,0.0252,0.0048,0.0596,0.1602,0.0398,0.0506,0.0652,0.0021],[0.0,0.1137,0.0047,0.1149,0.0076,0.0194,0.0043,0.1167,0.0496,0.0649,0.0074,0.0204,0.0364,0.0079,0.1702,0.2527,0.009],[0.0002,0.0181,0.0011,0.019,0.0021,0.0111,0.0049,0.0194,0.2728,0.5057,0.051,0.0018,0.0033,0.001,0.0115,0.0573,0.0197],[0.0001,0.0525,0.0015,0.0608,0.184,0.4006,0.0501,0.0527,0.0041,0.0222,0.0096,0.0119,0.0487,0.0835,0.0073,0.0099,0.0004],[0.0,0.0646,0.0017,0.0722,0.1972,0.3494,0.0381,0.0649,0.0047,0.0227,0.0091,0.0141,0.0585,0.0814,0.0089,0.012,0.0005],[0.0,0.116,0.0032,0.1259,0.1083,0.1553,0.0177,0.1164,0.0068,0.0229,0.0068,0.029,0.139,0.1093,0.0185,0.0241,0.0009],[0.0,0.1672,0.0033,0.1865,0.0591,0.096,0.0121,0.1677,0.0089,0.0248,0.0062,0.0333,0.1167,0.0562,0.0262,0.0345,0.0012],[0.0,0.198,0.0033,0.2057,0.034,0.0607,0.0085,0.1986,0.011,0.0261,0.0055,0.0339,0.0984,0.0337,0.0347,0.0462,0.0016],[0.0002,0.0207,0.001,0.0215,0.0024,0.0139,0.0063,0.0219,0.2177,0.5497,0.0618,0.0019,0.0035,0.0012,0.0113,0.0499,0.0154],[0.0,0.0567,0.0014,0.0638,0.1577,0.4243,0.0578,0.057,0.0046,0.0262,0.0116,0.0107,0.0434,0.0673,0.0072,0.0099,0.0005],[0.0,0.0717,0.0015,0.0785,0.1628,0.3703,0.0446,0.072,0.0053,0.0274,0.0112,0.0127,0.0524,0.0678,0.0089,0.0122,0.0005],[0.0,0.1256,0.0026,0.1344,0.1196,0.1781,0.0201,0.126,0.0072,0.0259,0.008,0.0237,0.1064,0.082,0.017,0.0225,0.0009],[0.0,0.187,0.0025,0.1989,0.058,0.1008,0.013,0.1875,0.0089,0.0266,0.0068,0.0249,0.0869,0.0448,0.0223,0.0299,0.0011],[0.0,0.2125,0.0025,0.2189,0.0337,0.0648,0.0094,0.2131,0.0113,0.0288,0.0063,0.0252,0.0743,0.0283,0.0294,0.0401,0.0015],[0.0005,0.0069,0.0008,0.0156,0.0103,0.2875,0.2504,0.0097,0.0079,0.2042,0.1994,0.0004,0.0014,0.0012,0.0009,0.0024,0.0004],[0.0,0.0613,0.0012,0.0674,0.1336,0.438,0.0661,0.0616,0.0052,0.0312,0.0141,0.0095,0.0386,0.0544,0.0071,0.0101,0.0005],[0.0,0.077,0.0014,0.083,0.1357,0.3863,0.0517,0.0773,0.006,0.0328,0.0137,0.0113,0.046,0.056,0.0087,0.0123,0.0006],[0.0,0.1302,0.0021,0.1375,0.1244,0.2079,0.0231,0.1306,0.0075,0.0294,0.0094,0.0189,0.0806,0.0618,0.0151,0.0206,0.0008],[0.0,0.1961,0.002,0.2039,0.0593,0.1125,0.0149,0.1966,0.009,0.0297,0.008,0.019,0.0664,0.0367,0.0189,0.0261,0.001],[0.0,0.2208,0.002,0.226,0.0342,0.0718,0.0108,0.2215,0.0116,0.0325,0.0074,0.019,0.0573,0.0242,0.0247,0.0346,0.0014],[0.0,0.0735,0.001,0.078,0.0938,0.4321,0.0818,0.0738,0.007,0.0452,0.0208,0.0078,0.0305,0.036,0.0073,0.0109,0.0006],[0.0,0.0911,0.0011,0.0957,0.096,0.3817,0.0637,0.0915,0.0079,0.0467,0.0199,0.0091,0.0354,0.0377,0.0088,0.013,0.0007],[0.0,0.1445,0.0015,0.1496,0.1088,0.2243,0.028,0.1449,0.009,0.0395,0.013,0.0134,0.0521,0.0378,0.0134,0.0192,0.0009],[0.0,0.2078,0.0014,0.2124,0.0494,0.1183,0.0179,0.2084,0.0107,0.0397,0.0108,0.0132,0.0441,0.0245,0.0165,0.0238,0.0011],[0.0,0.2305,0.0014,0.2337,0.0283,0.0747,0.013,0.2312,0.0134,0.0431,0.01,0.0131,0.0385,0.0169,0.0207,0.0302,0.0014],[0.0,0.1577,0.0013,0.1621,0.0814,0.2155,0.0312,0.1582,0.0104,0.0479,0.0158,0.0116,0.043,0.0302,0.0133,0.0195,0.001],[0.0,0.2111,0.0012,0.2147,0.0421,0.1187,0.0199,0.2117,0.0122,0.0476,0.013,0.0111,0.0363,0.0201,0.0157,0.0234,0.0011],[0.0,0.2283,0.0013,0.2311,0.0267,0.0793,0.015,0.229,0.0158,0.0536,0.0123,0.0109,0.0322,0.0148,0.0192,0.0291,0.0015],[0.0,0.1938,0.0011,0.197,0.0466,0.155,0.027,0.1943,0.0128,0.0569,0.017,0.0097,0.0324,0.0199,0.014,0.0213,0.0011],[0.0,0.2164,0.0011,0.2191,0.0313,0.1073,0.0209,0.2171,0.0153,0.0619,0.0161,0.0091,0.0282,0.015,0.0156,0.0243,0.0013],[0.0,0.0952,0.001,0.0994,0.0872,0.3748,0.0671,0.0955,0.0084,0.0511,0.0219,0.0086,0.0332,0.0337,0.0088,0.0133,0.0007],[0.0,0.1225,0.0011,0.1265,0.0797,0.3063,0.0521,0.1229,0.0099,0.0549,0.0213,0.0095,0.0356,0.0301,0.0106,0.016,0.0009],[0.0,0.1523,0.0012,0.1562,0.0721,0.2356,0.038,0.1528,0.0111,0.0546,0.0189,0.0103,0.0376,0.0273,0.0124,0.0187,0.001],[0.0,0.1707,0.0011,0.1741,0.0561,0.2002,0.0345,0.1712,0.0126,0.061,0.0198,0.0095,0.033,0.0223,0.0129,0.0199,0.0011],[0.0,0.191,0.0011,0.1942,0.0467,0.1603,0.0282,0.1916,0.0131,0.0588,0.0177,0.0095,0.0319,0.0198,0.0138,0.0212,0.0011],[0.0,0.1951,0.0011,0.1981,0.0434,0.152,0.0275,0.1957,0.0136,0.0605,0.0179,0.0093,0.0307,0.0186,0.014,0.0215,0.0012],[0.0,0.2131,0.001,0.2157,0.0319,0.1133,0.0222,0.2138,0.0156,0.0647,0.017,0.0088,0.0274,0.0149,0.0152,0.0239,0.0013],[0.0,0.214,0.001,0.2164,0.0283,0.1048,0.0219,0.2148,0.0177,0.0731,0.0185,0.0083,0.0254,0.0135,0.0157,0.0251,0.0015],[0.0,0.2143,0.001,0.2161,0.0194,0.0811,0.0199,0.2154,0.0251,0.0971,0.0212,0.0074,0.0206,0.0098,0.0185,0.0311,0.002],[0.0001,0.0165,0.0003,0.0192,0.0093,0.3337,0.2984,0.0173,0.0068,0.1492,0.1365,0.0009,0.003,0.0026,0.0018,0.0038,0.0004],[0.0,0.0554,0.0007,0.0591,0.074,0.4755,0.1309,0.0557,0.0065,0.0501,0.0261,0.0053,0.0206,0.0257,0.0054,0.0084,0.0005],[0.0,0.065,0.0009,0.0696,0.0958,0.4545,0.09,0.0653,0.0064,0.0427,0.0203,0.0073,0.0288,0.0362,0.0066,0.0099,0.0006],[0.0,0.0716,0.0009,0.076,0.0925,0.4374,0.085,0.0719,0.0069,0.0455,0.0212,0.0076,0.0297,0.0354,0.0071,0.0106,0.0006],[0.0,0.0734,0.001,0.0779,0.0934,0.4323,0.0822,0.0738,0.007,0.0454,0.0209,0.0078,0.0304,0.0358,0.0073,0.0109,0.0006],[0.0,0.0736,0.001,0.0781,0.0935,0.4318,0.0819,0.074,0.007,0.0453,0.0209,0.0078,0.0304,0.0359,0.0073,0.0109,0.0006],[0.0,0.0885,0.001,0.0928,0.0888,0.3921,0.0714,0.0888,0.008,0.0499,0.0219,0.0084,0.0324,0.0344,0.0084,0.0125,0.0007],[0.0,0.0828,0.0007,0.0841,0.0136,0.1208,0.0571,0.0839,0.0439,0.3281,0.125,0.0037,0.0101,0.0058,0.0118,0.0256,0.003],[0.0,0.0899,0.001,0.094,0.0819,0.3895,0.0751,0.0903,0.0085,0.0541,0.024,0.008,0.0306,0.0315,0.0083,0.0126,0.0007],[0.0,0.1297,0.001,0.133,0.0597,0.2898,0.0575,0.1302,0.012,0.0711,0.0279,0.0081,0.029,0.0229,0.0106,0.0166,0.001],[0.0001,0.0686,0.0005,0.0705,0.0215,0.2395,0.1279,0.0693,0.0203,0.2129,0.1244,0.0033,0.0105,0.008,0.0073,0.0141,0.0014],[0.0,0.1743,0.001,0.1771,0.044,0.1911,0.0372,0.1749,0.0145,0.0742,0.024,0.0082,0.0275,0.018,0.0127,0.0201,0.0012],[0.0,0.1151,0.0008,0.1165,0.0154,0.1124,0.0441,0.1163,0.0444,0.2853,0.0767,0.0047,0.0129,0.0069,0.0149,0.0304,0.0031],[0.0,0.1009,0.0007,0.1026,0.0203,0.1772,0.0745,0.1018,0.0301,0.2352,0.097,0.0043,0.0127,0.0083,0.0109,0.0215,0.0021],[0.0,0.0993,0.0007,0.1016,0.0339,0.2919,0.0987,0.1,0.0171,0.1345,0.0626,0.0049,0.0163,0.0129,0.0088,0.0155,0.0013],[0.0,0.2082,0.0009,0.21,0.0215,0.0954,0.0236,0.2092,0.0235,0.1003,0.0238,0.007,0.0202,0.0103,0.0165,0.0279,0.0018],[0.0001,0.0267,0.0004,0.029,0.0122,0.281,0.2263,0.0275,0.0101,0.1974,0.1698,0.0014,0.0046,0.0039,0.003,0.0061,0.0007],[0.0,0.1427,0.0008,0.1444,0.0205,0.1391,0.0463,0.1437,0.0314,0.2029,0.0561,0.0053,0.0155,0.0089,0.014,0.0262,0.0022],[0.0,0.1305,0.0008,0.133,0.0392,0.2635,0.0668,0.1311,0.0161,0.1057,0.0419,0.0062,0.0208,0.0154,0.0103,0.0174,0.0012],[0.0,0.0959,0.0006,0.0978,0.0267,0.244,0.0996,0.0966,0.0214,0.1773,0.0836,0.0044,0.0139,0.0103,0.0092,0.017,0.0015],[0.0,0.0819,0.0006,0.0839,0.029,0.2832,0.1265,0.0825,0.0176,0.1591,0.0841,0.0041,0.0134,0.0108,0.0078,0.0143,0.0013],[0.0001,0.0668,0.0005,0.0689,0.0279,0.3062,0.1593,0.0674,0.0151,0.1529,0.09,0.0035,0.0118,0.0101,0.0065,0.012,0.0011],[0.0,0.1912,0.0008,0.1931,0.0259,0.1369,0.035,0.1919,0.0193,0.1039,0.0307,0.0061,0.0188,0.0112,0.0125,0.0213,0.0015],[0.0,0.1242,0.0007,0.1262,0.0277,0.2223,0.0699,0.125,0.0222,0.157,0.0605,0.0051,0.0162,0.0111,0.0108,0.0195,0.0016],[0.0095,0.0001,0.8711,0.0134,0.0143,0.0009,0.0003,0.0032,0.0038,0.0009,0.0002,0.0017,0.0144,0.0032,0.0277,0.0328,0.0024],[0.0087,0.0001,0.8822,0.0128,0.0136,0.0008,0.0003,0.0029,0.0034,0.0008,0.0002,0.0016,0.0145,0.0032,0.0241,0.0287,0.0021],[0.0073,0.0001,0.9007,0.0117,0.0125,0.0007,0.0002,0.0024,0.0027,0.0007,0.0002,0.0015,0.0151,0.0033,0.0177,0.0216,0.0016],[0.0071,0.0001,0.9035,0.012,0.0128,0.0007,0.0002,0.0023,0.0026,0.0006,0.0002,0.0016,0.0165,0.0035,0.0155,0.0193,0.0015],[0.0071,0.0001,0.9042,0.0131,0.0141,0.0007,0.0002,0.0022,0.0023,0.0006,0.0002,0.0018,0.0202,0.0042,0.0121,0.0157,0.0013],[0.0075,0.0001,0.8972,0.0149,0.016,0.0008,0.0002,0.0023,0.0024,0.0006,0.0002,0.002,0.0243,0.0051,0.0108,0.0146,0.0012],[0.0087,0.0001,0.879,0.0185,0.0199,0.0009,0.0003,0.0026,0.0026,0.0007,0.0002,0.0025,0.032,0.0066,0.01,0.0142,0.0013],[0.0102,0.0001,0.858,0.0225,0.0241,0.0011,0.0003,0.003,0.0029,0.0008,0.0002,0.003,0.0396,0.0082,0.01,0.0148,0.0013],[0.0127,0.0001,0.8276,0.0284,0.0305,0.0014,0.0004,0.0037,0.0035,0.0009,0.0003,0.0034,0.0479,0.0101,0.0108,0.0167,0.0016],[0.0148,0.0001,0.8031,0.0334,0.0359,0.0016,0.0005,0.0043,0.004,0.0011,0.0003,0.0037,0.0541,0.0115,0.0115,0.0184,0.0018],[0.022,0.0001,0.7255,0.0496,0.0533,0.0023,0.0007,0.0062,0.0057,0.0015,0.0004,0.0044,0.0712,0.0158,0.0143,0.0244,0.0025],[0.0259,0.0001,0.6936,0.0572,0.0615,0.0027,0.0008,0.0073,0.0067,0.0018,0.0005,0.0044,0.0742,0.0169,0.0158,0.0278,0.0029],[0.029,0.0001,0.6675,0.0638,0.0685,0.003,0.0009,0.0081,0.0074,0.002,0.0006,0.0043,0.0765,0.0178,0.0169,0.0303,0.0031],[0.0328,0.0001,0.6378,0.0716,0.0769,0.0033,0.001,0.0091,0.0083,0.0022,0.0006,0.0042,0.0782,0.0187,0.0183,0.0333,0.0035],[0.0434,0.0001,0.5813,0.0797,0.0855,0.0041,0.0013,0.0125,0.0124,0.0032,0.0009,0.0034,0.0672,0.0173,0.0286,0.0533,0.0056],[0.0447,0.0001,0.5976,0.0671,0.0718,0.004,0.0013,0.0137,0.0146,0.0036,0.0009,0.0029,0.0521,0.0135,0.0369,0.0681,0.0071],[0.0443,0.0001,0.6218,0.0515,0.0548,0.0036,0.0013,0.0144,0.0164,0.0039,0.001,0.0022,0.0338,0.0089,0.0487,0.0848,0.0086],[0.0419,0.0001,0.6339,0.047,0.0501,0.0034,0.0012,0.0137,0.0159,0.0037,0.0009,0.0022,0.0303,0.008,0.0524,0.0867,0.0085],[0.0315,0.0001,0.674,0.0359,0.0381,0.0026,0.0009,0.0106,0.0126,0.003,0.0007,0.0024,0.0246,0.0063,0.063,0.0862,0.0074],[0.025,0.0001,0.7195,0.0295,0.0313,0.0021,0.0007,0.0085,0.0102,0.0024,0.0006,0.0023,0.0218,0.0054,0.0587,0.0757,0.0062],[0.0171,0.0001,0.7841,0.0212,0.0225,0.0015,0.0005,0.0059,0.0072,0.0017,0.0004,0.0021,0.0177,0.0042,0.0494,0.0598,0.0045],[0.0126,0.0001,0.8341,0.0166,0.0177,0.0011,0.0004,0.0043,0.0052,0.0013,0.0003,0.0019,0.0157,0.0036,0.0373,0.0445,0.0033],[0.0104,0.0001,0.8583,0.0143,0.0152,0.0009,0.0003,0.0036,0.0043,0.001,0.0003,0.0018,0.0146,0.0033,0.0317,0.0373,0.0027],[0.0093,0.0001,0.8768,0.0137,0.0146,0.0009,0.0003,0.0031,0.0036,0.0009,0.0002,0.0017,0.0154,0.0034,0.0244,0.0295,0.0022],[0.0078,0.0001,0.8959,0.0126,0.0134,0.0007,0.0002,0.0025,0.0029,0.0007,0.0002,0.0016,0.0159,0.0035,0.0181,0.0223,0.0017],[0.0075,0.0001,0.8993,0.014,0.015,0.0008,0.0002,0.0023,0.0025,0.0006,0.0002,0.0018,0.021,0.0044,0.0126,0.0165,0.0013],[0.008,0.0001,0.8918,0.0158,0.0169,0.0008,0.0002,0.0025,0.0025,0.0006,0.0002,0.0021,0.0251,0.0053,0.0114,0.0154,0.0013],[0.0093,0.0001,0.8736,0.0195,0.0209,0.001,0.0003,0.0028,0.0027,0.0007,0.0002,0.0026,0.0327,0.0068,0.0106,0.0151,0.0013],[0.0108,0.0001,0.8533,0.0234,0.0251,0.0011,0.0003,0.0032,0.0031,0.0008,0.0002,0.0029,0.0394,0.0082,0.0106,0.0158,0.0014],[0.0131,0.0001,0.8265,0.0287,0.0308,0.0014,0.0004,0.0038,0.0036,0.001,0.0003,0.0033,0.0464,0.0099,0.0115,0.0177,0.0017],[0.0226,0.0001,0.7293,0.049,0.0527,0.0023,0.0007,0.0064,0.006,0.0016,0.0004,0.004,0.0658,0.0148,0.0154,0.0262,0.0026],[0.0256,0.0001,0.7046,0.0546,0.0586,0.0026,0.0008,0.0073,0.0068,0.0018,0.0005,0.004,0.0676,0.0155,0.017,0.0295,0.003],[0.0306,0.0001,0.6663,0.063,0.0676,0.0031,0.0009,0.0087,0.0082,0.0022,0.0006,0.0039,0.0698,0.0165,0.0198,0.0351,0.0036],[0.0394,0.0001,0.618,0.069,0.0739,0.0037,0.0011,0.0116,0.0118,0.003,0.0008,0.0033,0.061,0.0153,0.0294,0.0531,0.0055],[0.0393,0.0001,0.6437,0.0506,0.054,0.0033,0.0011,0.0125,0.0141,0.0034,0.0009,0.0025,0.0371,0.0096,0.0453,0.0751,0.0074],[0.0305,0.0001,0.691,0.0366,0.039,0.0026,0.0009,0.0101,0.0119,0.0028,0.0007,0.0023,0.0265,0.0067,0.0545,0.0769,0.0068],[0.0253,0.0001,0.7265,0.0308,0.0327,0.0022,0.0007,0.0085,0.01,0.0024,0.0006,0.0023,0.0234,0.0058,0.0526,0.0703,0.0059],[0.018,0.0001,0.785,0.0226,0.0241,0.0016,0.0005,0.0061,0.0073,0.0017,0.0004,0.0021,0.019,0.0046,0.0455,0.0569,0.0045],[0.0133,0.0001,0.8316,0.0177,0.0189,0.0012,0.0004,0.0045,0.0054,0.0013,0.0003,0.0019,0.0168,0.0039,0.0359,0.0437,0.0033],[0.0112,0.0001,0.8534,0.0154,0.0164,0.001,0.0003,0.0038,0.0045,0.0011,0.0003,0.0018,0.0156,0.0036,0.0313,0.0376,0.0028],[0.0104,0.0001,0.871,0.0168,0.0179,0.001,0.0003,0.0033,0.0037,0.0009,0.0002,0.0018,0.02,0.0045,0.0201,0.026,0.0021],[0.0094,0.0001,0.8808,0.0159,0.017,0.0009,0.0003,0.003,0.0033,0.0008,0.0002,0.0018,0.0203,0.0045,0.0174,0.0226,0.0018],[0.0091,0.0001,0.8829,0.0167,0.0179,0.0009,0.0003,0.0028,0.003,0.0008,0.0002,0.0019,0.0235,0.0051,0.0142,0.0191,0.0016],[0.0094,0.0001,0.8789,0.0178,0.0191,0.0009,0.0003,0.0029,0.003,0.0008,0.0002,0.0021,0.0258,0.0055,0.0134,0.0184,0.0016],[0.0101,0.0001,0.8698,0.0198,0.0212,0.001,0.0003,0.0031,0.0031,0.0008,0.0002,0.0023,0.0295,0.0063,0.0128,0.018,0.0016],[0.0109,0.0001,0.8603,0.0217,0.0233,0.0011,0.0003,0.0033,0.0033,0.0009,0.0002,0.0024,0.0322,0.0069,0.0129,0.0185,0.0017],[0.012,0.0001,0.8494,0.0238,0.0255,0.0012,0.0004,0.0036,0.0036,0.0009,0.0002,0.0025,0.0344,0.0074,0.0135,0.0197,0.0018],[0.0149,0.0001,0.8218,0.029,0.0311,0.0015,0.0004,0.0044,0.0045,0.0011,0.0003,0.0027,0.0385,0.0086,0.0155,0.0234,0.0022],[0.0156,0.0001,0.8157,0.0301,0.0323,0.0015,0.0005,0.0046,0.0047,0.0012,0.0003,0.0026,0.0389,0.0087,0.0162,0.0246,0.0023],[0.0169,0.0001,0.8046,0.0321,0.0344,0.0017,0.0005,0.005,0.0051,0.0013,0.0003,0.0027,0.0398,0.009,0.0174,0.0266,0.0025],[0.019,0.0001,0.7902,0.0342,0.0366,0.0018,0.0006,0.0057,0.0059,0.0015,0.0004,0.0025,0.0384,0.0089,0.0203,0.0311,0.0029],[0.0188,0.0001,0.7971,0.0305,0.0326,0.0017,0.0006,0.0058,0.0063,0.0016,0.0004,0.0022,0.0316,0.0074,0.0242,0.0358,0.0033],[0.0172,0.0001,0.8093,0.0266,0.0285,0.0016,0.0005,0.0054,0.006,0.0015,0.0004,0.0021,0.0271,0.0064,0.0267,0.0374,0.0033],[0.0159,0.0001,0.8205,0.0245,0.0262,0.0015,0.0005,0.005,0.0056,0.0014,0.0004,0.002,0.0254,0.0059,0.0261,0.0359,0.0031],[0.0141,0.0001,0.8359,0.0217,0.0232,0.0013,0.0004,0.0045,0.005,0.0012,0.0003,0.0019,0.023,0.0053,0.0253,0.0338,0.0028],[0.0124,0.0001,0.8519,0.0193,0.0206,0.0011,0.0004,0.004,0.0044,0.0011,0.0003,0.0018,0.0213,0.0049,0.0234,0.0306,0.0025],[0.0115,0.0001,0.8603,0.018,0.0192,0.0011,0.0003,0.0037,0.0041,0.001,0.0003,0.0018,0.0203,0.0046,0.0224,0.029,0.0024],[0.0112,0.0001,0.8638,0.0188,0.0201,0.0011,0.0003,0.0035,0.0038,0.001,0.0002,0.0019,0.0229,0.0051,0.0188,0.0252,0.0021],[0.0107,0.0001,0.8688,0.0184,0.0197,0.001,0.0003,0.0033,0.0036,0.0009,0.0002,0.0019,0.0233,0.0052,0.0174,0.0233,0.002],[0.0106,0.0001,0.8687,0.0191,0.0205,0.001,0.0003,0.0033,0.0034,0.0009,0.0002,0.002,0.0255,0.0056,0.0156,0.0213,0.0018],[0.0107,0.0001,0.8666,0.0198,0.0212,0.0011,0.0003,0.0033,0.0034,0.0009,0.0002,0.0021,0.0268,0.0059,0.015,0.0208,0.0018],[0.0111,0.0001,0.862,0.0209,0.0224,0.0011,0.0003,0.0034,0.0035,0.0009,0.0002,0.0022,0.0288,0.0063,0.0145,0.0205,0.0018],[0.0116,0.0001,0.8569,0.022,0.0235,0.0011,0.0003,0.0035,0.0036,0.0009,0.0002,0.0023,0.0302,0.0066,0.0146,0.0208,0.0018],[0.0122,0.0001,0.8506,0.0231,0.0248,0.0012,0.0004,0.0037,0.0038,0.001,0.0003,0.0023,0.0314,0.0069,0.0149,0.0214,0.0019],[0.0139,0.0001,0.8345,0.0261,0.028,0.0014,0.0004,0.0042,0.0043,0.0011,0.0003,0.0024,0.0338,0.0075,0.0161,0.0237,0.0022],[0.015,0.0001,0.8248,0.0277,0.0297,0.0015,0.0004,0.0045,0.0047,0.0012,0.0003,0.0024,0.0345,0.0078,0.0173,0.0256,0.0023],[0.016,0.0001,0.8173,0.0287,0.0307,0.0015,0.0005,0.0049,0.0051,0.0013,0.0003,0.0023,0.0337,0.0077,0.0191,0.0282,0.0026],[0.016,0.0001,0.8203,0.027,0.0289,0.0015,0.0005,0.0049,0.0053,0.0013,0.0003,0.0022,0.0302,0.007,0.0212,0.0307,0.0027],[0.0152,0.0001,0.8276,0.0248,0.0266,0.0014,0.0005,0.0047,0.0051,0.0013,0.0003,0.0021,0.0274,0.0063,0.0224,0.0315,0.0028],[0.0145,0.0001,0.8335,0.0236,0.0253,0.0014,0.0004,0.0045,0.005,0.0012,0.0003,0.002,0.0261,0.006,0.0223,0.031,0.0027],[0.0134,0.0001,0.8434,0.0218,0.0233,0.0013,0.0004,0.0042,0.0046,0.0011,0.0003,0.0019,0.0245,0.0056,0.0218,0.0297,0.0025],[0.0124,0.0001,0.853,0.0203,0.0217,0.0012,0.0004,0.0039,0.0043,0.0011,0.0003,0.0019,0.0235,0.0053,0.0207,0.0279,0.0023],[0.0118,0.0001,0.8583,0.0194,0.0208,0.0011,0.0004,0.0037,0.0041,0.001,0.0003,0.0019,0.0229,0.0052,0.02,0.0268